<?xml version="1.0"?>
<opencv_storage>
<fc1>1643.31980342590</fc1>
<fc2>1643.38644899735</fc2>
<cc1>320</cc1>
<cc2>240</cc2>
<kc1>-0.119327273203132</kc1>
<kc2>0.522571315247533</kc2>
</opencv_storage>

